data4 =

  Columns 1 through 8

   60.0000    6.0000   13.0000   32.0000   13.0000   58.0000         0   32.0000
   81.0000    1.0000   13.0000   40.0000   14.0000    6.0000    1.0000   12.0080
   35.0000    1.0000   13.0000   15.0000   20.0000   13.0000    1.0000   41.0800
   63.0000    1.0000   17.0000   31.0000   20.0000   34.0000         0   23.3840
   33.0000    1.0000   11.0000    5.0000   18.0000   28.0000         0   42.3440
   31.0000    4.0000   15.0000   31.0000   19.0000   31.0000    1.0000   35.8800
   37.0000    2.0000   18.0000   33.0000   20.0000   12.0000    1.0000   40.3200
   26.0000    2.0000   14.0000   10.0000   16.0000   43.0000    1.0000   47.3600
   65.0000    1.0000   12.0000   20.0000   17.0000   41.0000    1.0000   22.1200
   10.0000    3.0000   16.0000   17.0000   18.0000   38.0000    1.0000  100.3500
   61.0000    5.0000   14.0000   12.0000   16.0000   19.0000         0   12.4800
   31.0000    4.0000   18.0000   33.0000   18.0000   58.0000    1.0000   35.8800
   27.0000    2.0000   15.0000   48.0000   16.0000   44.0000    1.0000   46.7200
   34.0000    6.0000   11.0000   25.0000   15.0000   25.0000         0   52.8000
   40.0000    2.0000   16.0000   22.0000   16.0000   58.0000    1.0000   38.4000
   53.0000    4.0000   13.0000   17.0000   14.0000   28.0000    1.0000   24.4400
   38.0000    1.0000   17.0000   12.0000   18.0000   19.0000    1.0000   39.1840
   62.0000    2.0000   13.0000   24.0000   16.0000   34.0000         0   24.3200
   51.0000    2.0000   17.0000   29.0000   19.0000   22.0000         0   31.3600
   50.0000    4.0000   12.0000   11.0000   18.0000   30.0000    1.0000   26.0000
   40.0000    4.0000   14.0000   19.0000   17.0000    8.0000         0   31.2000
   61.0000    1.0000   11.0000   47.0000   11.0000   58.0000    1.0000   24.6480
   47.0000    6.0000   16.0000   19.0000   17.0000   14.0000         0   42.4000
   53.0000    1.0000   13.0000   18.0000   17.0000    6.0000         0   29.7040
   37.0000    4.0000   14.0000   35.0000   15.0000   16.0000    1.0000   32.7600
   40.0000    7.0000   14.0000   15.0000   15.0000   32.0000    1.0000   54.0000
   18.0000    4.0000   13.0000   29.0000   20.0000   38.0000         0   42.6400
   39.0000    5.0000   11.0000   35.0000   16.0000   23.0000         0   19.5200
   80.0000    4.0000   18.0000   21.0000   18.0000   58.0000    1.0000   10.4000
   62.0000    4.0000   16.0000    6.0000   16.0000   58.0000    1.0000   19.7600
   60.0000    4.0000   16.0000   37.0000   20.0000    7.0000    1.0000   20.8000
   56.0000    1.0000   18.0000   26.0000   20.0000    2.0000    1.0000   27.8080
   49.0000    6.0000   16.0000   43.0000   19.0000   32.0000    1.0000   40.8000
   73.0000    4.0000   16.0000   20.0000   18.0000   19.0000    1.0000   14.0400
   21.0000    4.0000   12.0000   18.0000   14.0000   18.0000    1.0000   41.0800
   31.0000    2.0000   16.0000   31.0000   18.0000   30.0000         0   44.1600
   63.0000    2.0000   11.0000   44.0000   13.0000   57.0000    1.0000   23.6800
   19.0000    1.0000   11.0000   51.0000   15.0000   10.0000         0   51.1920
   40.0000    2.0000   15.0000   12.0000   19.0000   39.0000         0   38.4000
   38.0000    5.0000   13.0000   22.0000   17.0000   26.0000    1.0000   19.8400
   13.0000    1.0000   12.0000   24.0000   16.0000   50.0000         0   54.9840
   59.0000    1.0000   15.0000    6.0000   18.0000   18.0000         0   25.9120
   33.0000    2.0000   14.0000   31.0000   16.0000   15.0000         0   42.8800
   25.0000    2.0000   15.0000   33.0000   19.0000   26.0000         0   48.0000
   25.0000    3.0000   12.0000   21.0000   15.0000   37.0000         0   83.6250
   70.0000    4.0000   17.0000   11.0000   18.0000   21.0000    1.0000   15.6000
   52.0000    6.0000   17.0000   21.0000   18.0000   18.0000    1.0000   38.4000
   46.0000    3.0000   13.0000   25.0000   16.0000    4.0000         0   60.2100
   40.0000    1.0000   12.0000   19.0000   15.0000   30.0000         0   37.9200
   29.0000    7.0000   11.0000   23.0000   13.0000   16.0000    1.0000   63.9000
   58.0000    1.0000   13.0000    9.0000   16.0000   28.0000         0   26.5440
   59.0000    7.0000   18.0000   12.0000   18.0000   58.0000         0   36.9000
   41.0000    6.0000   13.0000   17.0000   15.0000   25.0000         0   47.2000
   51.0000    4.0000   13.0000   41.0000   13.0000   58.0000         0   25.4800
   58.0000    4.0000   12.0000    9.0000   16.0000   16.0000    1.0000   21.8400
   38.0000    2.0000   14.0000   15.0000   15.0000   13.0000    1.0000   39.6800
   42.0000    4.0000   11.0000   10.0000   12.0000   41.0000         0   30.1600
   33.0000    1.0000   15.0000   25.0000   16.0000   30.0000         0   42.3440
   21.0000    1.0000   13.0000   27.0000   16.0000   28.0000         0   49.9280
   64.0000    1.0000   17.0000   14.0000   20.0000   13.0000         0   22.7520
   65.0000    2.0000   17.0000   18.0000   19.0000    8.0000    1.0000   22.4000
   50.0000    2.0000   13.0000    8.0000   15.0000    4.0000    1.0000   32.0000
   22.0000    5.0000   15.0000    3.0000   16.0000   20.0000    1.0000   24.9600
   78.0000    1.0000   12.0000   57.0000   14.0000   11.0000    1.0000   13.9040
   17.0000    7.0000   13.0000   14.0000   19.0000   29.0000    1.0000   74.7000
   55.0000    6.0000   11.0000   25.0000   13.0000   29.0000         0   36.0000
   31.0000    1.0000   13.0000   32.0000   16.0000   17.0000    1.0000   43.6080
   54.0000    2.0000   13.0000   29.0000   14.0000   14.0000         0   29.4400
   45.0000    2.0000   13.0000   25.0000   14.0000   34.0000         0   35.2000
   61.0000    4.0000   17.0000   15.0000   17.0000   58.0000         0   20.2800
   26.0000    4.0000   13.0000   11.0000   15.0000   33.0000         0   38.4800
   30.0000    1.0000   13.0000   15.0000   14.0000   44.0000         0   44.2400
   53.0000    4.0000   15.0000   33.0000   16.0000   28.0000    1.0000   24.4400
   38.0000    2.0000   15.0000   13.0000   18.0000   50.0000    1.0000   39.6800
   36.0000    6.0000   13.0000   34.0000   13.0000   58.0000         0   51.2000
   51.0000    4.0000   15.0000    7.0000   20.0000   34.0000         0   25.4800
   24.0000    1.0000   14.0000   42.0000   16.0000   41.0000    1.0000   48.0320
   79.0000    4.0000   18.0000   53.0000   19.0000   42.0000         0   10.9200
   33.0000    6.0000   14.0000   29.0000   20.0000   20.0000    1.0000   53.6000
   38.0000    2.0000   15.0000   32.0000   17.0000   24.0000    1.0000   39.6800
   46.0000    7.0000   16.0000   34.0000   18.0000   17.0000    1.0000   48.6000
   30.0000    1.0000   14.0000   40.0000   16.0000   15.0000         0   44.2400
   18.0000    4.0000   12.0000   17.0000   16.0000   13.0000    1.0000   42.6400
   11.0000    4.0000   13.0000    5.0000   14.0000   22.0000         0   46.2800
   44.0000    4.0000   14.0000   19.0000   16.0000   31.0000    1.0000   29.1200
   62.0000    2.0000   14.0000   26.0000   17.0000   16.0000         0   24.3200
   30.0000    7.0000   14.0000   37.0000   17.0000   11.0000         0   63.0000
   24.0000    4.0000   17.0000   18.0000   20.0000   28.0000         0   39.5200
   28.0000    4.0000   12.0000   25.0000   16.0000    1.0000         0   37.4400
   34.0000    1.0000   11.0000   20.0000   15.0000   20.0000    1.0000   41.7120
   32.0000    4.0000   15.0000   13.0000   18.0000   35.0000         0   35.3600
   56.0000    7.0000   12.0000   22.0000   16.0000   22.0000    1.0000   39.6000
   47.0000    2.0000   18.0000   20.0000   19.0000   19.0000    1.0000   33.9200
   72.0000    2.0000   18.0000   28.0000   19.0000    7.0000         0   17.9200
   27.0000    7.0000   16.0000    6.0000   17.0000   42.0000    1.0000   65.7000
   38.0000    4.0000   15.0000   22.0000   15.0000   58.0000         0   32.2400
   69.0000    2.0000   14.0000   45.0000   16.0000    7.0000    1.0000   19.8400
   30.0000    4.0000   15.0000   11.0000   20.0000   24.0000    1.0000   36.4000
